1
3
5
7
2
0
13
15
17
4
6
9
10
11
16
18
19
24
25
26
28
29
30
34
38
42
44
46
47
48
53
54
60
61
64
68
74
76
84
86
87
100
109
112
122
125
129
132
133
134
138
140
143
144
150
160
162
166
168
178
180
186
194
196
198
207
210
224
225
228
232
234
239
240
241
244
252
254
255
256
258
260
262
264
266
267
268
272
277
282
284
292
322
328
334
338
340
352
368
370
380
384
388
396
404
412
416
418
420
424
426
432
444
452
459
463
467
468
469
470
472
476
482
487
494
497
500
502
509
511
512
516
518
526
527
528
530
531
532
533
536
540
543
546
547
548
558
561
563
574
578
582
584
588
589
590
594
596
599
600
602
606
610
613
622
627
635
644
650
657
661
666
670
679
682
690
694
696
697
716
718
720
740
744
748
750
752
756
763
768
770
775
778
782
784
788
790
792
796
801
804
808
826
842
850
854
857
858
864
884
892
902
906
912
917
932
933
935
946
954
958
966
968
970
974
977
988
995
996
1000
1011
1014
1015
1019
1021
1024
1025
1030
1032
1033
1035
1042
1044
1045
1047
1049
1055
1075
1079
1080
1087
1088
1090
1099
1108
1110
1111
1116
1120
1121
1137
1138
1140
1149
1150
1160
1165
1169
1170
1172
1175
1177
1184
1185
1191
1193
1213
1214
1222
1227
1228
1234
1239
1244
1248
1250
1253
1260
1269
1271
1276
1278
1284
1289
1296
1310
1321
1328
1341
1347
1352
1356
1364
1370
1375
1376
1382
1385
1404
1408
1410
1412
1434
1446
1449
1453
1461
1468
1476
1478
1491
1492
1494
1512
1516
1518
1522
1534
1536
1538
1552
1554
1558
1571
1573
1580
1584
1586
1587
1598
1600
1604
1611
1614
1616
1620
1661
1674
1675
1684
1687
1704
1718
1741
1742
1744
1751
1752
1765
1773
1776
1782
1784
1790
1805
1806
1814
1818
1830
1832
1850
1852
1854
1855
1857
1863
1872
1875
1878
1887
1888
1896
1901
1904
1911
1920
1932
1934
1940
1948
1950
1954
1963
1965
1968
1973
1975
1982
1996
2000
2014
2023
2041
2044
2056
2064
2068
2071
2072
2085
2098
2124
2132
2135
2150
2184
2192
2202
2208
2219
2220
2245
2250
2252
2258
2272
2277
2280
2286
2302
2322
2324
2331
2350
2356
2360
2364
2368
2379
2402
2407
2410
2412
2414
2425
2444
2446
2449
2454
2465
2484
2485
2486
2488
2492
2534
2546
2550
2554
2567
2577
2580
2606
2613
2622
2634
2636
2643
2648
2652
2658
2660
2665
2676
2679
2689
2696
2703
2706
2713
2720
2728
2734
2744
2758
2761
2765
2766
2783
2787
2790
2792
2798
2800
2803
2804
2818
2829
2832
2833
2835
2842
2844
2845
2880
2900
2901
2926
2927
2950
2960
2967
2987
2990
2991
2999
3000
3002
3010
3025
3030
3042
3063
3086
3088
3092
3094
3102
3104
3114
3136
3146
3165
3166
3185
3190
3192
3204
3210
3220
3224
3233
3244
3251
3252
3260
3268
3273
3290
3292
3308
3313
3317
3318
3332
3334
3350
3353
3354
3367
3374
3383
3392
3407
3408
3414
3424
3432
3439
3442
3446
3447
3452
3456
3465
3481
3492
3494
3504
3508
3524
3532
3552
3554
3570
3581
3584
3586
3591
3612
3613
3624
3634
3644
3648
3656
3662
3672
3684
3688
3691
3692
3696
3719
3722
3724
3727
3742
3746
3751
3754
3757
3762
3766
3768
3784
3793
3798
3810
3813
3814
3815
3824
3827
3828
3832
3840
3854
3875
3879
3914
3918
3924
3934
3944
3970
3972
3976
3989
3990
4001
4004
4006
4007
4015
4026
4030
4031
4039
4050
4062
4066
4116
4153
4174
4182
4196
4200
4201
4224
4243
4244
4258
4272
4276
4277
4290
4295
4302
4312
4317
4329
4334
4362
4370
4373
4378
4385
4397
4400
4422
4434
4438
4448
4456
4460
4476
4480
4486
4490
4498
4499
4506
4511
4514
4515
4522
4530
4562
4563
4580
4582
4596
4617
4625
4626
4634
4638
4640
4646
4652
4654
4679
4689
4690
4694
4710
4712
4716
4721
4723
4736
4758
4761
4762
4767
4784
4786
4795
4799
4801
4806
4810
4812
4822
4824
4825
4836
4847
4859
4860
4862
4864
4902
4908
4918
4934
4941
4945
4949
4952
4955
4958
4969
4995
5002
5024
5025
5029
5030
5035
5042
5045
5052
5059
5063
5068
5078
5082
5095
5112
5119
5122
5126
5134
5136
5138
5148
5150
5157
5162
5164
5174
5188
5194
5208
5216
5229
5233
5236
5242
5254
5276
5278
5294
5296
5298
5308
5313
5315
5316
5330
5338
5340
5346
5348
5350
5384
5390
5418
5422
5426
5452
5459
5466
5467
5474
5502
5506
5523
5528
5538
5541
5544
5545
5546
5550
5554
5562
5572
5616
5628
5632
5638
5642
5666
5670
5676
5706
5740
5741
5742
5757
5758
5769
5770
5773
5794
5798
5821
5822
5842
5878
5892
5896
5904
5936
5944
5954
5966
5972
5973
5984
6015
6022
6036
6044
6066
6069
6084
6088
6102
6107
6115
6120
6130
6144
6154
6166
6170
6202
6211
6220
6221
6240
6246
6254
6260
6272
6302
6326
6333
6335
6336
6342
6349
6362
6407
6415
6416
6430
6440
6448
6452
6466
6467
6474
6480
6483
6518
6520
6534
6536
6556
6574
6577
6582
6588
6594
6600
6649
6651
6669
6675
6708
6714
6715
6725
6726
6735
6755
6782
6792
6794
6802
6808
6809
6810
6816
6823
6825
6832
6839
6844
6846
6857
6858
6861
6863
6871
6887
6894
6896
6905
6918
6927
6942
6944
6947
6949
6950
6965
6970
6973
6976
6990
6995
7006
7010
7011
7016
7036
7058
7061
7063
7067
7070
7077
7080
7136
7142
7146
7168
7189
7192
7197
7202
7207
7208
7215
7217
7224
7229
7233
7238
7239
7243
7245
7264
7270
7276
7278
7286
7291
7308
7312
7313
7316
7319
7320
7323
7329
7342
7344
7346
7347
7354
7364
7370
7381
7387
7400
7402
7407
7430
7438
7452
7459
7463
7464
7493
7498
7508
7510
7518
7528
7532
7540
7544
7547
7574
7577
7589
7606
7619
7642
7649
7678
7722
7727
7730
7732
7733
7746
7756
7758
7760
7762
7768
7769
7772
7776
7784
7793
7796
7820
7842
7863
7866
7869
7877
7879
7886
7891
7920
7922
7972
7977
7986
7994
7995
8009
8010
8012
8055
8062
8064
8087
8089
8093
8118
8128
8136
8137
8149
8155
8164
8185
8188
8190
8199
8200
8202
8208
8209
8213
8220
8221
8226
8228
8235
8236
8252
8257
8270
8271
8278
8281
8310
8324
8336
8347
8349
8366
8399
8405
8415
8420
8434
8449
8451
8453
8459
8468
8470
8473
8480
8499
8504
8509
8600
8656
8663
8666
8669
8670
8676
8677
8680
8685
8690
8693
8706
8708
8709
8729
8730
8734
8741
8751
8752
8753
8765
8768
8771
8772
8785
8786
8799
8814
8821
8832
8834
8849
8853
8854
8857
8864
8865
8866
8884
8886
8904
8918
8920
8922
8966
8978
9027
9040
9075
9078
9084
9091
9098
9104
9116
9119
9127
9137
9141
9152
9153
9155
9158
9164
9192
9197
9216
9220
9235
9238
9245
9247
9256
9258
9266
9279
9290
9304
9324
9326
9330
9336
9348
9369
9370
9386
9412
9420
9431
9433
9448
9450
9454
9455
9471
9481
9484
9490
9496
9500
9501
9528
9534
9552
9557
9559
9560
9564
9583
9588
9591
9608
9614
9621
9624
9638
9640
9641
9677
9681
9683
9684
9720
9727
9748
9758
9760
9769
9784
9788
9790
9791
9794
9804
9805
9820
9830
9836
9852
9866
9867
9878
9900
9924
9932
9940
9948
9952
9956
9964
9969
9970
9974
9994
10004
10008
10021
10023
10028
10038
10042
10064
10071
10087
10091
10112
10116
10124
10142
10151
10172
10182
10184
10195
10207
10208
10211
10215
10225
10235
10249
10251
10256
10265
10273
10282
10287
10304
10319
10321
10332
10382
10391
10421
10432
10434
10437
10438
10457
10482
10486
10492
10503
10506
10513
10521
10522
10549
10586
10590
10592
10612
10655
10668
10711
10716
10722
10736
10738
10745
10752
10756
10758
10770
10779
10780
10790
10799
10800
10822
10824
10831
10852
10862
10867
10883
10884
10895
10899
10906
10927
10934
10936
10944
10984
10988
10992
10994
10997
10998
11002
11015
11039
11044
11078
11100
11114
11118
11127
11160
11166
11169
11184
11190
11192
11194
11208
11210
11224
11227
11234
11256
11265
11282
11288
11336
11338
11342
11366
11367
11377
11380
11406
11410
11416
11426
11446
11464
11482
11488
11496
11502
11512
11560
11569
11570
11576
11578
11584
11587
11598
11629
11639
11640
11642
11657
11665
11684
11694
11702
11705
11708
11724
11734
11767
11781
11795
11797
11829
11843
11864
11870
11882
11885
11889
11930
11937
11940
11949
11964
11984
11992
11999
12018
12046
12059
12064
12066
12078
12094
12112
12139
12181
12196
12206
12210
12220
12223
12232
12244
12254
12268
12272
12282
12302
12307
12335
12339
12350
12368
12372
12379
12389
12416
12440
12458
12466
12493
12496
12513
12519
12522
12526
12538
12544
12559
12565
12566
12569
12586
12594
12633
12650
12651
12654
12656
12678
12679
12682
12683
12686
12702
12726
12748
12755
12768
12773
12778
12782
12786
12788
12832
12834
12836
12841
12860
12876
12884
12898
12900
12901
12904
12922
12934
12936
12941
12946
12950
12962
12974
13014
13018
13034
13062
13078
13079
13082
13088
13096
13099
13104
13120
13124
13133
13138
13144
13156
13185
13186
13192
13212
13234
13248
13252
13253
13259
13278
13302
13320
13352
13376
13385
13402
13410
13412
13429
13432
13438
13442
13448
13449
13456
13466
13467
13480
13498
13506
13508
13515
13523
13526
13538
13543
13554
13557
13572
13592
13593
13651
13653
13654
13666
13670
13677
13680
13684
13692
13705
13713
13714
13728
13732
13738
13741
13745
13746
13752
13760
13768
13774
13779
13787
13795
13805
13817
13823
13831
13848
13852
13854
13856
13876
13878
13895
13899
13902
13912
13920
13924
13928
13930
13946
13952
13968
13969
14002
14008
14028
14042
14053
14062
14068
14072
14078
14096
14100
14120
14140
14146
14147
14174
14176
14180
14192
14193
14205
14209
14220
14233
14245
14266
14273
14290
14305
14307
14325
14337
14338
14355
14357
14368
14385
14390
14395
14404
14406
14413
14436
14440
14449
14454
14473
14480
14484
14490
14492
14501
14508
14523
14534
14544
14546
14569
14579
14586
14593
14596
14603
14613
14618
14645
14670
14700
14709
14713
14733
14737
14754
14757
14765
14780
14783
14785
14789
14796
14810
14828
14836
14852
14876
14881
14884
14886
14895
14901
14904
14937
14956
14972
14999
15008
15010
15019
15056
15070
15072
15106
15108
15116
15117
15141
15142
15158
15166
15167
15170
15178
15185
15206
15207
15211
15239
15247
15251
15261
15267
15270
15276
15286
15304
15324
15349
15372
15399
15402
15406
15411
15420
15434
15436
15468
15486
15490
15500
15510
15518
15530
15556
15579
15581
15586
15592
15610
15616
15630
15646
15654
15682
15688
15689
15701
15711
15723
15724
15725
15728
15740
15743
15747
15749
15756
15759
15769
15779
15780
15781
15820
15829
15830
15842
15869
15871
15874
15887
15893
15902
15938
15941
15942
15945
15947
15948
15963
15969
15975
15984
15991
16006
16007
16020
16022
16025
16036
16043
16044
16045
16048
16067
16073
16074
16079
16091
16100
16117
16122
16125
16146
16189
16193
16206
16208
16220
16248
16264
16282
16291
16301
16302
16327
16357
16374
16394
16406
16409
16446
16472
16474
16486
16488
16502
16528
16530
16549
16558
16569
16578
16581
16620
16623
16638
16652
16658
16663
16672
16677
16684
16688
16706
16719
16726
16733
16738
16748
16755
16756
16770
16784
16804
16820
16836
16864
16871
16911
16918
16919
16922
16928
16937
16939
16940
16941
16942
16953
16959
16964
16977
16981
16986
17007
17012
17055
17059
17079
17082
17112
17128
17144
17168
17181
17188
17189
17190
17192
17202
17207
17208
17209
17216
17244
17262
17263
17274
17328
17347
17363
17368
17373
17380
17393
17403
17406
17440
17446
17450
17512
17519
17523
17537
17542
17551
17553
17563
17574
17591
17593
17594
17608
17625
17640
17663
17678
17684
17697
17728
17738
17739
17740
17754
17756
17763
17795
17799
17808
17810
17817
17819
17824
17831
17840
17848
17849
17851
17858
17859
17887
17894
17895
17899
17902
17916
17918
17919
17937
17940
17946
17948
17955
17958
17988
18003
18004
18056
18066
18080
18084
18102
18121
18130
18131
18145
18172
18190
18202
18236
18241
18247
18281
18306
18322
18324
18338
18356
18366
18373
18376
18382
18395
18399
18405
18413
18418
18419
18423
18426
18431
18460
18487
18496
18506
18535
18560
18574
18594
18615
18625
18643
18651
18653
18669
18676
18686
18688
18698
18700
18704
18720
18730
18731
18732
18740
18756
18776
18814
18816
18850
18876
18890
18930
18938
18946
18990
19005
19040
19042
19057
19084
19089
19096
19106
19124
19159
19163
19177
19179
19186
19204
19212
19244
19246
19253
19264
19272
19306
19328
19334
19338
19344
19360
19362
19371
19372
19396
19414
19418
19423
19484
19494
19495
19502
19512
19533
19539
19540
19542
19546
19586
19590
19608
19616
19638
19643
19650
19692
19702
19726
19734
19736
19758
19814
19824
19844
19866
19868
19874
19886
19888
19890
19892
19897
19904
19911
19924
19928
19933
19938
19942
19945
19951
20002
20016
20024
20036
20048
20051
20054
20055
20059
20068
20109
20110
20118
20126
20133
20162
20166
20167
20171
20211
20216
20224
20226
20234
20242
20245
20262
20265
20280
20301
20312
20322
20350
20372
20386
20424
20430
20451
20458
20500
20508
20522
20548
20569
20572
20578
20599
20614
20623
20630
20634
20640
20712
20719
20720
20725
20735
20747
20767
20773
20784
20792
20813
20823
20854
20855
20859
20864
20869
20918
20935
20960
20977
21007
21034
21044
21046
21067
21102
21112
21114
21124
21130
21134
21144
21164
21183
21193
21198
21206
21219
21224
21233
21234
21295
21302
21317
21326
21337
21339
21348
21359
21360
21361
21397
21436
21445
21451
21455
21457
21481
21495
21509
21525
21529
21571
21578
21590
21598
21601
21636
21658
21661
21668
21688
21689
21690
21692
21700
21728
21765
21779
21792
21800
21822
21826
21851
21892
21906
21943
21944
21956
21988
21996
22005
22032
22033
22039
22051
22072
22103
22119
22121
22123
22130
22154
22156
22169
22182
22200
22212
22217
22232
22235
22244
22278
22283
22284
22308
22319
22320
22413
22421
22423
22426
22442
22450
22458
22477
22485
22498
22505
22521
22537
22550
22559
22562
22573
22602
22617
22633
22639
22648
22654
22662
22666
22668
22679
22717
22722
22725
22733
22745
22746
22764
22766
22773
22779
22792
22793
22802
22804
22818
22832
22842
22858
22878
22884
22904
22942
22964
22976
22990
22991
23020
23024
23029
23035
23059
23064
23065
23071
23086
23089
23096
23100
23101
23104
23106
23138
23205
23215
23234
23257
23314
23366
23368
23374
23383
23400
23406
23428
23432
23434
23435
23437
23452
23455
23458
23478
23486
23510
23526
23538
23547
23571
23604
23618
23628
23629
23640
23680
23682
23692
23698
23716
23718
23724
23730
23765
23771
23792
23808
23824
23837
23849
23859
23863
23864
23865
23868
23870
23886
23901
23911
23912
23941
23962
23965
23968
23978
23990
23997
24020
24032
24036
24038
24046
24048
24056
24059
24092
24101
24114
24116
24128
24134
24138
24145
24184
24202
24210
24219
24261
24278
24280
24310
24312
24382
24404
24414
24416
24435
24462
24530
24534
24542
24590
24609
24632
24656
24657
24668
24694
24712
24720
24723
24725
24726
24730
24731
24751
24757
24767
24780
24798
24803
24821
24831
24850
24852
24860
24874
24914
24934
24938
24950
24967
24990
25002
25008
25034
25044
25074
25080
25086
25088
25122
25125
25137
25176
25210
25224
25232
25262
25295
25303
25318
25321
25330
25346
25348
25352
25396
25455
25456
25482
25502
25514
25528
25546
25576
25577
25578
25596
25603
25608
25624
25639
25662
25672
25678
25688
25706
25711
25722
25756
25761
25763
25790
25793
25798
25801
25806
25823
25828
25831
25837
25847
25861
25872
25883
25900
25910
25935
25954
25976
25984
25986
26024
26029
26042
26048
26061
26062
26064
26066
26088
26090
26093
26110
26114
26132
26135
26146
26158
26170
26184
26212
26233
26246
26260
26274
26293
26300
26301
26318
26358
26359
26360
26362
26363
26376
26391
26394
26400
26407
26424
26443
26458
26460
26465
26471
26498
26504
26511
26513
26516
26523
26527
26528
26560
26572
26592
26601
26622
26624
26626
26637
26639
26640
26648
26662
26666
26671
26675
26695
26707
26708
26718
26722
26733
26745
26749
26756
26758
26767
26778
26801
26804
26826
26850
26858
26863
26865
26866
26868
26872
26882
26896
26908
26909
26936
26940
26946
26947
26950
27004
27014
27024
27027
27056
27069
27072
27075
27079
27106
27116
27120
27122
27133
27137
27157
27160
27168
27172
27183
27193
27196
27197
27204
27210
27222
27225
27248
27253
27287
27292
27298
27299
27318
27323
27324
27340
27346
27356
27358
27392
27419
27426
27427
27433
27435
27438
27453
27456
27459
27468
27478
27493
27499
27502
27503
27504
27514
27522
27537
27576
27598
27605
27614
27622
27666
27699
27706
27732
27769
27787
27791
27812
27822
27837
27864
27883
27910
27914
27928
27938
27964
27970
27984
28014
28068
28086
28096
28102
28123
28124
28149
28150
28159
28161
28192
28272
28319
28352
28353
28357
28359
28362
28368
28371
28374
28375
28376
28388
28390
28422
28455
28477
28483
28491
28506
28512
28532
28533
28536
28599
28608
28652
28654
28674
28682
28710
28720
28760
28768
28777
28782
28810
28820
28846
28853
28866
28898
28984
28990
29015
29018
29041
29057
29058
29061
29062
29073
29093
29107
29121
29137
29142
29144
29145
29172
29193
29195
29201
29206
29216
29223
29226
29237
29238
29241
29249
29252
29255
29256
29259
29261
29264
29286
29303
29304
29310
29352
29358
29359
29361
29372
29376
29378
29391
29397
29408
29410
29434
29476
29478
29508
29521
29525
29558
29562
29581
29609
29614
29638
29659
29672
29681
29694
29704
29721
29722
29730
29744
29746
29750
29776
29808
29827
29838
29846
29851
29857
29874
29885
29903
29920
29922
29938
29941
29944
29946
29952
29958
29959
29960
29991
29992
30016
30027
30041
30049
30052
30054
30056
30061
30062
30080
30111
30123
30130
30139
30153
30159
30165
30202
30204
30214
30247
30276
30280
30286
30290
30340
30374
30396
30401
30429
30440
30450
30451
30456
30493
30494
30518
30523
30525
30533
30536
30538
30541
30542
30543
30546
30582
30596
30630
30635
30636
30638
30646
30674
30692
30710
30724
30736
30766
30767
30769
30776
30792
30794
30818
30822
30844
30850
30860
30870
30883
30900
30923
30925
30962
31000
31011
31013
31014
31016
31031
31070
31097
31100
31112
31118
31134
31142
31149
31157
31158
31162
31173
31176
31185
31212
31240
31264
31266
31287
31293
31310
31345
31362
31379
31382
31418
31428
31443
31460
31482
31497
31507
31512
31557
31576
31579
31591
31595
31596
31600
31629
31637
31644
31649
31664
31675
31690
31699
31708
31711
31719
31723
31727
31728
31742
31748
31760
31786
31798
31820
31847
31849
31850
31866
31868
31883
31884
31900
31919
31923
31984
31994
32013
32017
32018
32040
32044
32048
32057
32068
32076
32100
32108
32128
32150
32166
32168
32218
32236
32276
32278
32282
32297
32301
32310
32321
32323
32337
32351
32362
32393
32401
32405
32407
32421
32435
32455
32475
32499
32510
32539
32552
32553
32555
32558
32573
32594
32610
32627
32636
32656
32663
32668
32671
32711
32726
32735
32742
32747
32766
32776
32784
32788
32796
32822
32856
32880
32890
32906
32918
32919
32926
32970
33009
33059
33062
33085
33098
33136
33162
33171
33182
33189
33210
33282
33288
33290
33330
33338
33348
33359
33364
33371
33388
33412
33460
33468
33469
33484
33505
33506
33523
33531
33540
33541
33552
33553
33589
33605
33612
33626
33631
33645
33682
33685
33697
33704
33722
33736
33749
33757
33768
33807
33810
33822
33840
33954
33980
33983
34010
34016
34022
34034
34038
34048
34050
34085
34122
34132
34195
34218
34280
34287
34304
34318
34328
34332
34346
34370
34386
34404
34406
34407
34414
34432
34444
34460
34462
34475
34481
34484
34486
34500
34517
34542
34554
34561
34565
34574
34583
34640
34660
34677
34685
34692
34708
34713
34714
34718
34750
34758
34785
34800
34802
34808
34813
34822
34824
34846
34861
34872
34902
34906
34913
34942
34979
35016
35032
35051
35066
35068
35090
35128
35136
35180
35190
35205
35232
35234
35242
35253
35299
35304
35310
35324
35326
35342
35373
35376
35382
35391
35406
35441
35453
35464
35480
35486
35494
35532
35549
35566
35574
35606
35616
35624
35630
35632
35633
35645
35672
35675
35690
35706
35734
35736
35764
35786
35860
35864
35866
35889
35905
35935
35938
35939
35940
35943
35946
35947
35951
35952
35991
35996
36014
36028
36044
36047
36055
36072
36081
36099
36101
36104
36159
36174
36203
36214
36226
36242
36248
36270
36316
36321
36350
36372
36409
36421
36439
36446
36450
36473
36475
36494
36500
36508
36525
36559
36573
36602
36642
36648
36672
36722
36730
36755
36767
36782
36800
36818
36852
36855
36860
36868
36873
36886
36890
36894
36900
36907
36934
36936
36938
36970
36972
36986
37016
37026
37039
37046
37048
37062
37069
37070
37087
37094
37109
37118
37134
37142
37147
37160
37234
37256
37276
37281
37291
37336
37344
37366
37369
37373
37380
37412
37427
37439
37448
37456
37468
37469
37488
37502
37516
37532
37538
37551
37569
37576
37580
37588
37626
37631
37673
37680
37684
37712
37726
37734
37770
37772
37810
37812
37816
37820
37824
37834
37835
37838
37855
37893
37908
37921
37956
37962
37980
38000
38024
38050
38067
38068
38075
38142
38165
38184
38185
38230
38253
38256
38298
38312
38315
38329
38370
38374
38382
38385
38387
38389
38398
38401
38408
38414
38442
38460
38470
38482
38509
38510
38512
38598
38604
38605
38623
38626
38633
38640
38685
38698
38700
38725
38747
38760
38772
38792
38795
38814
38866
38914
38922
38938
38952
38969
38991
38995
38997
39031
39080
39083
39094
39110
39129
39184
39186
39208
39231
39265
39284
39301
39307
39309
39320
39325
39327
39335
39352
39355
39358
39384
39414
39416
39419
39423
39425
39433
39438
39457
39466
39486
39497
39539
39546
39549
39590
39614
39634
39639
39641
39668
39690
39709
39721
39722
39751
39752
39764
39769
39771
39778
39783
39793
39806
39807
39821
39863
39864
39875
39879
39894
39909
39910
39923
39924
39929
39982
39998
40003
40025
40056
40057
40064
40076
40087
40100
40112
40116
40127
40144
40147
40188
40221
40223
40256
40259
40280
40298
40311
40318
40323
40326
40350
40378
40386
40403
40416
40437
40448
40463
40506
40524
40528
40530
40534
40540
40547
40558
40590
40593
40612
40619
40620
40632
40654
40677
40708
40720
40752
40810
40828
40834
40852
40857
40882
40886
40906
40938
40955
40964
40966
40976
40977
40981
40997
41016
41038
41054
41062
41072
41088
41113
41152
41156
41186
41192
41204
41215
41218
41229
41254
41264
41266
41274
41281
41292
41295
41299
41307
41318
41334
41349
41358
41362
41381
41396
41399
41408
41424
41432
41438
41450
41461
41478
41485
41497
41499
41500
41502
41516
41538
41568
41573
41575
41578
41618
41625
41650
41656
41705
41711
41712
41742
41751
41763
41772
41816
41832
41834
41843
41850
41873
41892
41904
41929
41932
41938
41959
41965
41996
42020
42051
42070
42078
42088
42096
42099
42104
42110
42112
42128
42137
42138
42161
42214
42254
42255
42284
42314
42343
42347
42350
42355
42360
42364
42383
42414
42415
42428
42434
42438
42479
42482
42491
42496
42504
42526
42548
42554
42560
42566
42669
42671
42677
42686
42688
42702
42715
42758
42838
42878
42882
42892
42897
42940
42985
43001
43042
43051
43052
43062
43098
43104
43109
43113
43148
43152
43156
43165
43178
43208
43212
43228
43234
43293
43328
43370
43372
43388
43400
43406
43430
43433
43454
43462
43474
43489
43510
43517
43526
43532
43546
43558
43574
43608
43658
43670
43698
43700
43731
43741
43783
43788
43818
43823
43841
43848
43852
43868
43894
43897
43898
43909
43916
43942
43952
43968
43979
43982
43986
43988
44007
44008
44011
44017
44019
44020
44040
44046
44048
44078
44084
44123
44133
44141
44142
44172
44223
44236
44240
44260
44262
44273
44294
44300
44305
44328
44345
44349
44378
44408
44424
44435
44442
44456
44484
44514
44534
44575
44590
44609
44630
44640
44652
44702
44713
44767
44787
44808
44810
44837
44847
44849
44850
44865
44907
44910
44912
44933
44936
44959
44961
44965
44969
44972
45005
45017
45048
45057
45094
45099
45110
45114
45117
45143
45168
45174
45185
45191
45213
45230
45238
45242
45260
45270
45292
45304
45332
45348
45352
45361
45407
45408
45414
45468
45470
45491
45501
45502
45520
45525
45529
45538
45575
45576
45582
45586
45590
45602
45615
45653
45658
45692
45716
45737
45739
45749
45764
45765
45784
45785
45801
45813
45842
45868
45884
45898
45901
45902
45917
45919
45924
45936
45938
45968
45981
46025
46027
46040
46043
46070
46071
46073
46078
46086
46088
46099
46104
46105
46115
46122
46135
46139
46146
46150
46163
46187
46211
46216
46231
46238
46240
46242
46247
46248
46268
46269
46282
46286
46287
46288
46296
46314
46348
46357
46368
46397
46405
46412
46413
46435
46439
46467
46475
46477
46504
46565
46573
46580
46584
46608
46626
46641
46658
46659
46666
46689
46699
46724
46726
46734
46742
46746
46782
46794
46815
46816
46829
46853
46894
46895
46896
46906
46910
46927
46938
46941
46943
46946
46996
47012
47015
47020
47034
47036
47122
47146
47198
47211
47217
47220
47223
47225
47227
47234
47237
47247
47251
47260
47261
47264
47273
47278
47317
47321
47326
47366
47376
47403
47415
47417
47421
47424
47425
47455
47458
47471
47475
47478
47479
47494
47496
47499
47506
47519
47525
47538
47557
47565
47597
47599
47600
47615
47621
47625
47634
47643
47651
47662
47685
47689
47690
47708
47719
47720
47726
47741
47759
47781
47828
47845
47885
47912
47918
47926
47930
47936
47944
47946
47958
47962
47971
47995
48002
48042
48054
48056
48060
48062
48070
48086
48091
48095
48102
48110
48115
48154
48172
48174
48198
48224
48258
48270
48282
48288
48360
48370
48371
48374
48380
48382
48397
48435
48454
48460
48464
48486
48494
48514
48522
48524
48540
48546
48558
48568
48590
48613
48618
48653
48662
48680
48681
48704
48760
48768
48795
48796
48802
48824
48835
48837
48852
48855
48862
48912
48930
48933
48945
48964
48975
48990
49002
49009
49012
49014
49016
49029
49040
49057
49060
49062
49078
49091
49117
49121
49129
49139
49149
49156
49157
49172
49188
49199
49200
49206
49212
49220
49225
49226
49282
49320
49326
49333
49335
49354
49357
49416
49426
49464
49466
49467
49483
49487
49506
49515
49523
49524
49525
49529
49530
49563
49567
49574
49578
49582
49607
49616
49619
49646
49648
49653
49688
49699
49707
49714
49733
49740
49741
49744
49747
49777
49801
49822
49824
49825
49827
49829
49859
49866
49870
49889
49890
49892
49895
49904
49911
49931
49945
49958
49960
49962
49991
50009
50043
50086
50099
50112
50134
50155
50180
50229
50239
50246
50285
50322
50329
50340
50342
50349
50359
50368
50369
50370
50377
50382
50390
50391
50400
50403
50414
50428
50429
50431
50432
50446
50450
50455
50471
50481
50514
50516
50520
50544
50560
50572
50575
50605
50610
50663
50712
50714
50720
50743
50746
50747
50755
50756
50765
50767
50768
50771
50791
50810
50814
50819
50831
50840
50859
50881
50883
50902
50909
50917
50930
50964
50982
51000
51017
51028
51054
51102
51106
51127
51130
51131
51132
51139
51140
51158
51178
51194
51223
51230
51234
51240
51243
51248
51278
51298
51300
51322
51341
51346
51411
51433
51442
51516
51522
51524
51530
51576
51582
51615
51667
51736
51740
51764
51770
51776
51803
51854
51881
51944
51945
51967
51987
51988
51991
52022
52037
52059
52096
52101
52106
52117
52128
52129
52130
52151
52168
52173
52208
52210
52218
52225
52232
52236
52256
52272
52280
52294
52298
52301
52316
52356
52372
52384
52406
52414
52422
52424
52456
52484
52522
52568
52576
52600
52601
52636
52642
52646
52658
52686
52706
52707
52712
52718
52729
52764
52792
52795
52814
52817
52828
52854
52857
52869
52887
52889
52891
52892
52900
52903
52928
52938
52939
52947
52953
52968
52970
52971
52978
53028
53036
53038
53042
53044
53048
53052
53056
53063
53072
53075
53092
53099
53114
53136
53156
53168
53198
53204
53248
53270
53285
53396
53398
53399
53445
53446
53470
53476
53507
53558
53568
53570
53580
53598
53602
53638
53655
53688
53693
53696
53710
53715
53730
53732
53736
53746
53752
53762
53784
53806
53844
53852
53872
53873
53883
53900
53910
53928
53930
53946
53978
53980
53997
53999
54002
54011
54024
54036
54149
54154
54230
54246
54264
54296
54314
54362
54366
54374
54394
54400
54427
54452
54457
54477
54491
54492
54498
54506
54520
54560
54586
54623
54630
54635
54666
54694
54701
54702
54707
54719
54748
54756
54779
54782
54795
54801
54807
54854
54858
54867
54878
54880
54928
54932
54935
54937
54939
54949
54950
54951
54960
54966
55028
55095
55145
55153
55156
55172
55178
55194
55224
55244
55250
55278
55322
55330
55340
55351
55396
55403
55418
55438
55472
55550
55552
55555
55586
55608
55620
55636
55642
55648
55649
55723
55739
55754
55762
55804
55834
55836
55844
55886
55895
55906
55908
55946
55960
55970
55974
55990
56014
56032
56054
56060
56066
56067
56082
56092
56109
56136
56172
56178
56180
56187
56199
56216
56220
56223
56244
56305
56319
56346
56372
56379
56380
56403
56422
56447
56449
56452
56486
56487
56499
56540
56563
56588
56589
56593
56652
56659
56671
56695
56708
56732
56773
56780
56792
56800
56802
56824
56843
56872
56914
56976
56981
57018
57030
57041
57052
57054
57065
57076
57080
57086
57087
57100
57178
57199
57240
57248
57256
57290
57296
57319
57324
57327
57355
57376
57378
57404
57431
57457
57462
57480
57485
57486
57502
57523
57532
57566
57597
57624
57628
57630
57659
57662
57683
57695
57703
57705
57713
57718
57728
57732
57742
57755
57782
57786
57788
57794
57806
57808
57824
57840
57862
57898
57938
57947
57976
58024
58061
58101
58103
58131
58150
58175
58188
58258
58312
58316
58331
58332
58351
58390
58394
58413
58428
58429
58446
58470
58518
58519
58529
58539
58541
58553
58560
58612
58629
58646
58648
58653
58659
58753
58788
58812
58824
58850
58871
58874
58898
58961
58976
58978
59152
59182
59262
59286
59297
59309
59315
59339
59344
59361
59368
59384
59393
59401
59403
59466
59506
59544
59604
59632
59634
59662
59681
59701
59708
59718
59719
59720
59724
59747
59780
59784
59802
59817
59818
59823
59830
59836
59908
59915
59927
59928
59931
59939
59940
59948
59949
59953
59969
59973
59990
58
80
146
148
176
250
316
318
324
346
371
386
477
493
544
552
567
576
623
626
628
631
646
651
672
680
772
800
813
866
895
964
991
1009
1059
1135
1168
1201
1219
1237
1301
1365
1389
1424
1431
1500
1514
1561
1622
1623
1642
1682
1772
1851
1916
1928
1995
2030
2148
2194
2199
2242
2284
2381
2426
2433
2526
2574
2598
2600
2609
2760
2774
2824
2862
2892
2924
2928
2958
2989
3014
3028
3069
3083
3100
3105
3150
3320
3355
3381
3454
3484
3503
3510
3545
3590
3617
3682
3707
3720
3738
3756
3906
3907
3921
3936
4005
4014
4040
4056
4058
4064
4074
4124
4127
4131
4134
4140
4150
4164
4165
4170
4205
4206
4219
4231
4292
4308
4376
4425
4437
4449
4451
4462
4475
4494
4495
4544
4560
4590
4666
4692
4722
4785
4802
4820
4834
4967
4982
5000
5034
5065
5084
5109
5232
5332
5360
5362
5408
5430
5516
5526
5548
5552
5688
5718
5736
5788
5804
5866
5883
5916
5986
6050
6188
6267
6269
6291
6297
6311
6315
6321
6340
6345
6348
6359
6401
6428
6450
6460
6498
6509
6560
6584
6601
6606
6636
6670
6707
6717
6731
6744
6753
6806
6885
6916
6920
7053
7083
7097
7106
7124
7214
7231
7244
7250
7261
7266
7268
7283
7299
7367
7369
7375
7383
7422
7428
7431
7445
7450
7476
7512
7526
7527
7541
7628
7666
7852
7875
7900
7946
7954
8086
8170
8216
8241
8287
8322
8329
8338
8339
8340
8371
8385
8386
8393
8458
8463
8485
8503
8541
8555
8617
8637
8696
8701
8761
8793
8810
8872
8914
8932
8998
9118
9134
9135
9143
9267
9272
9318
9359
9489
9491
9634
9740
9778
9826
9980
10025
10044
10048
10132
10156
10162
10243
10248
10260
10277
10279
10331
10375
10396
10408
10410
10444
10558
10573
10588
10621
10644
10656
10710
10760
10894
10952
11034
11131
11209
11232
11238
11239
11376
11403
11441
11460
11566
11619
11632
11682
11692
11719
11738
11742
11745
11759
11827
11874
11904
11911
11912
12006
12021
12036
12082
12102
12117
12183
12208
12224
12274
12306
12347
12358
12363
12375
12395
12442
12448
12621
12623
12677
12685
12692
12716
12808
12886
12903
12963
12967
12970
12985
12999
13004
13005
13026
13027
13031
13041
13043
13065
13093
13130
13153
13173
13202
13270
13330
13388
13439
13484
13494
13548
13561
13691
13694
13703
13743
13781
13850
13864
13886
13964
14032
14058
14090
14105
14170
14197
14243
14281
14283
14296
14331
14341
14434
14478
14504
14554
14580
14604
14607
14650
14654
14704
14716
14722
14772
14825
14856
14894
14902
14968
14976
15111
15113
15121
15133
15165
15168
15194
15197
15320
15330
15360
15361
15386
15445
15450
15488
15496
15602
15623
15629
15632
15680
15730
15745
15766
15801
15839
15859
15880
15912
16033
16082
16116
16306
16321
16398
16480
16499
16560
16628
16635
16645
16676
16722
16765
16795
16945
17027
17039
17061
17084
17178
17186
17220
17222
17238
17282
17354
17364
17385
17417
17420
17478
17489
17497
17501
17507
17513
17527
17529
17580
17609
17621
17633
17657
17706
17712
17730
17734
17741
17784
17822
17892
17898
17909
17941
18000
18186
18193
18228
18272
18343
18348
18353
18386
18475
18504
18508
18522
18534
18562
18624
18670
18680
18687
18690
18745
18762
18765
18808
18860
18900
18903
18962
18969
18976
18984
19007
19028
19056
19112
19138
19140
19170
19174
19185
19194
19284
19294
19386
19404
19428
19506
19532
19613
19666
19714
19793
19962
19982
20018
20023
20032
20102
20138
20186
20331
20362
20446
20468
20502
20600
20641
20681
20708
20709
20711
20746
20758
20812
20816
20916
20944
20966
20968
21023
21100
21128
21170
21172
21218
21297
21301
21322
21324
21351
21369
21382
21515
21532
21540
21584
21701
21816
21888
21899
21912
21938
21948
22034
22094
22098
22113
22139
22147
22180
22192
22204
22206
22210
22263
22282
22404
22432
22434
22438
22490
22540
22551
22556
22561
22579
22584
22734
22759
22903
22924
22959
22963
23026
23247
23317
23318
23321
23358
23384
23385
23392
23469
23476
23588
23624
23660
23855
23877
23881
23956
24002
24029
24041
24084
24180
24217
24223
24340
24358
24360
24402
24452
24582
24613
24630
24642
24688
24690
24719
24940
25159
25256
25281
25301
25335
25379
25384
25412
25452
25614
25652
25661
25699
25736
25776
25813
25829
25879
25909
26017
26025
26078
26100
26138
26192
26206
26269
26276
26286
26326
26336
26381
26404
26405
26428
26464
26566
26574
26730
26901
26918
26932
26983
27053
27125
27282
27312
27374
27375
27376
27397
27420
27431
27548
27556
27645
27646
27664
27729
27777
27874
27908
28006
28047
28061
28372
28443
28463
28504
28530
28539
28648
28700
28732
28744
28748
28766
28786
28788
28790
28798
28826
28876
28918
29016
29026
29045
29122
29132
29189
29196
29213
29292
29299
29311
29320
29322
29425
29550
29578
29584
29657
29692
29719
29735
29756
29757
29767
29790
29832
29860
29895
30090
30102
30183
30262
30306
30350
30412
30559
30640
30753
30799
30833
30840
30876
30968
31026
31044
31046
31065
31087
31089
31213
31226
31261
31312
31374
31400
31444
31486
31506
31517
31534
31545
31562
31594
31605
31652
31672
31706
31735
31876
32114
32129
32134
32171
32173
32191
32244
32248
32258
32269
32328
32346
32396
32440
32443
32450
32501
32596
32641
32670
32835
32837
32960
33000
33306
33380
33528
33572
33625
33664
33683
33699
33753
33904
33941
33955
34032
34068
34115
34362
34453
34533
34560
34591
34644
34680
34707
34763
34787
34827
34829
34924
35088
35265
35267
35316
35384
35393
35498
35499
35500
35504
35572
35709
35847
35878
35882
35988
36031
36046
36141
36210
36268
36322
36374
36540
36586
36629
36750
36766
36815
37018
37038
37076
37086
37124
37176
37209
37230
37352
37374
37400
37490
37582
37627
37685
37696
37900
37940
37944
37952
37961
37988
38022
38041
38052
38168
38296
38395
38448
38475
38488
38520
38526
38589
38638
38834
38877
39063
39172
39234
39241
39311
39375
39386
39398
39421
39453
39513
39585
39631
39640
39650
39705
39851
39855
39877
39925
40034
40037
40312
40346
40452
40466
40546
40589
40598
40599
40732
40839
40873
41110
41276
41322
41456
41528
41549
41554
41562
41684
41701
41710
41765
41933
41988
41998
42065
42085
42140
42200
42273
42294
42338
42365
42508
42624
42640
42643
42687
42691
42826
42850
42854
42866
42941
42995
43078
43191
43289
43398
43522
43575
43811
43814
43874
44085
44095
44174
44320
44384
44599
44634
44690
44748
44932
44947
45198
45463
45616
45746
45772
45777
45848
45894
46065
46191
46221
46233
46246
46263
46298
46377
46401
46588
46623
46739
46787
47156
47296
47358
47430
47532
47560
47635
47749
47801
47989
47996
48225
48250
48330
48342
48344
48354
48503
48726
48750
48762
48904
48905
48928
48959
48973
49026
49056
49059
49300
49470
49488
49497
49541
49580
49589
49650
49868
49877
49923
49928
50008
50017
50308
50318
50394
50417
50612
50650
50729
50844
50904
51227
51315
51333
51362
51462
51852
51886
52118
52197
52315
52324
52556
52962
53055
53556
53572
53612
54112
54142
54322
54363
54377
54458
54637
54769
55060
55102
55475
55598
55788
55958
56225
56309
56476
56572
56573
56855
56891
57380
57820
57909
58036
58049
58064
58135
58272
58704
58798
58832
58892
59289
59341
59369
59402
59418
59446
59566
59741
212
306
514
861
1128
1162
1930
1931
1955
2169
3202
4083
4450
4684
4720
4749
5306
5496
5723
6075
6258
6486
6634
7114
7584
7599
8067
8214
8647
8892
9031
9062
9208
9294
9384
9402
9782
10454
11346
11586
12063
12116
12132
12153
12392
12475
12630
12655
12694
13110
13195
14124
14512
14542
14714
14779
14847
15354
15379
15444
15666
15907
16130
16351
16379
16388
16566
16879
17231
17643
17674
17716
17908
18129
18364
19365
19412
19716
19828
20198
20906
21000
22036
22525
22743
22836
22856
22968
23322
23408
23451
23513
23582
23948
24179
24708
25006
25036
25220
25438
25865
26082
26455
26477
26485
26686
27016
27180
27692
29037
29126
29656
29680
29763
29906
30599
30751
31371
31373
31450
31692
32330
32372
32429
32896
33530
33746
34210
34430
34842
35798
36732
38497
38890
39380
39663
40585
41084
42308
42997
43192
43719
45116
45791
46460
46736
46872
47255
48092
48499
49910
52138
52219
52279
53013
54528
55263
55296
56474
3541
3603
5542
6605
9097
12873
19669
20175
21231
24292
24398
25208
26275
26748
31440
39781
45704
50821
15737
