20175
26960
1923
16311
4540
9328
2756
18087
2682
4830
5
7
9
11
13
15
17
19
23
25
26
28
29
30
34
42
44
45
46
47
48
50
53
54
61
62
63
64
68
74
76
80
86
87
109
110
118
122
125
132
133
134
138
140
143
144
150
160
166
168
176
180
186
196
198
200
207
216
224
225
228
232
237
239
240
241
244
252
255
256
258
260
262
264
266
267
268
272
282
284
292
306
314
320
328
340
348
352
368
370
384
388
390
396
404
412
416
418
420
426
432
444
446
448
452
453
459
463
467
468
469
472
476
482
487
494
496
497
500
502
509
511
512
514
516
518
526
527
528
530
531
532
533
536
540
543
544
548
556
558
561
574
576
578
584
588
589
590
591
594
596
599
600
602
606
610
611
613
616
623
627
635
644
650
657
660
661
670
682
690
694
696
697
706
720
730
740
744
748
752
764
768
770
775
778
782
784
788
789
790
792
796
801
808
826
828
842
844
850
854
858
864
869
884
902
916
917
933
935
946
949
954
966
968
970
974
977
982
995
1000
1011
1014
1015
1019
1021
1024
1025
1030
1032
1033
1035
1038
1042
1045
1046
1047
1049
1055
1075
1079
1080
1087
1088
1090
1094
1111
1116
1120
1121
1138
1140
1147
1149
1150
1160
1165
1169
1170
1172
1175
1191
1193
1201
1207
1213
1214
1221
1222
1223
1227
1232
1234
1237
1239
1244
1248
1250
1253
1258
1260
1263
1269
1271
1284
1321
1328
1341
1347
1352
1356
1364
1375
1376
1385
1387
1408
1410
1412
1434
1453
1461
1468
1476
1478
1491
1494
1512
1516
1518
1522
1534
1536
1538
1554
1558
1571
1573
1584
1586
1587
1598
1600
1604
1605
1614
1616
1619
1622
1626
1628
1634
1642
1651
1674
1675
1682
1684
1720
1732
1738
1742
1744
1752
1757
1765
1768
1776
1782
1784
1790
1805
1806
1814
1818
1827
1830
1832
1844
1850
1852
1854
1855
1857
1863
1870
1872
1875
1888
1896
1901
1908
1920
1932
1934
1940
1948
1954
1962
1965
1968
1975
1982
1996
1997
2000
2011
2023
2041
2044
2050
2064
2066
2068
2074
2098
2124
2125
2129
2132
2135
2184
2185
2192
2208
2219
2220
2232
2246
2250
2252
2272
2277
2280
2286
2302
2322
2324
2331
2334
2350
2360
2368
2379
2395
2402
2407
2410
2412
2414
2425
2444
2446
2449
2454
2465
2466
2484
2485
2488
2492
2526
2534
2538
2546
2560
2567
2571
2577
2580
2582
2590
2598
2608
2609
2610
2613
2622
2636
2648
2658
2660
2676
2679
2689
2694
2703
2713
2718
2720
2728
2748
2761
2765
2766
2790
2792
2798
2803
2818
2829
2833
2835
2838
2842
2844
2845
2863
2880
2883
2900
2901
2926
2927
2928
2942
2950
2960
2966
2967
2987
2991
2999
3000
3002
3010
3025
3030
3042
3063
3086
3088
3092
3094
3102
3114
3146
3166
3168
3185
3192
3202
3204
3210
3220
3224
3251
3258
3268
3273
3284
3288
3292
3308
3313
3317
3318
3332
3350
3353
3354
3367
3370
3374
3383
3392
3407
3415
3422
3424
3429
3432
3442
3446
3447
3450
3452
3456
3465
3474
3476
3481
3484
3492
3494
3524
3554
3570
3584
3612
3613
3624
3634
3636
3644
3656
3672
3688
3691
3692
3694
3696
3703
3719
3722
3724
3742
3746
3751
3754
3757
3762
3766
3768
3772
3793
3810
3813
3814
3820
3824
3827
3838
3855
3870
3875
3879
3918
3924
3944
3958
3968
3970
3976
3988
3989
3990
3998
4001
4004
4006
4026
4030
4041
4050
4066
4116
4118
4134
4153
4158
4174
4184
4196
4200
4201
4219
4224
4228
4258
4272
4276
4290
4302
4304
4312
4317
4323
4334
4362
4369
4373
4378
4385
4397
4406
4414
4418
4422
4434
4438
4446
4448
4450
4456
4460
4462
4464
4476
4480
4490
4498
4499
4506
4514
4515
4522
4530
4537
4560
4562
4574
4580
4582
4590
4592
4596
4600
4617
4625
4634
4638
4640
4652
4654
4663
4666
4679
4689
4690
4694
4710
4714
4716
4723
4725
4736
4758
4761
4762
4767
4774
4784
4801
4802
4806
4811
4812
4822
4835
4836
4847
4859
4869
4883
4908
4941
4945
4952
4955
4964
4977
4995
5000
5029
5030
5035
5042
5045
5059
5063
5068
5070
5095
5110
5112
5119
5122
5126
5134
5136
5138
5139
5148
5157
5162
5164
5174
5188
5192
5216
5229
5233
5236
5240
5242
5254
5260
5262
5276
5277
5278
5296
5298
5308
5313
5315
5316
5332
5338
5340
5346
5348
5362
5384
5390
5418
5420
5422
5426
5452
5459
5474
5482
5523
5526
5528
5538
5545
5546
5548
5550
5554
5562
5572
5573
5577
5600
5611
5628
5632
5638
5642
5666
5670
5676
5740
5741
5748
5769
5770
5771
5773
5774
5790
5793
5798
5800
5821
5826
5878
5887
5892
5896
5936
5954
5964
5965
5966
5967
5972
5984
6015
6019
6036
6042
6044
6066
6069
6084
6102
6106
6107
6115
6120
6129
6130
6144
6154
6166
6170
6196
6202
6211
6220
6221
6254
6260
6272
6302
6328
6333
6336
6342
6362
6407
6416
6424
6430
6440
6448
6466
6469
6474
6480
6483
6518
6534
6566
6577
6582
6584
6588
6594
6600
6608
6616
6636
6646
6649
6651
6669
6706
6708
6714
6715
6725
6726
6755
6782
6792
6794
6802
6808
6809
6816
6825
6832
6839
6844
6858
6859
6863
6871
6894
6896
6903
6905
6924
6927
6942
6944
6947
6949
6950
6952
6970
6973
6982
6995
7006
7010
7011
7016
7029
7036
7058
7061
7067
7070
7077
7080
7136
7140
7142
7146
7150
7183
7189
7192
7197
7207
7208
7215
7217
7229
7233
7238
7239
7243
7245
7246
7264
7270
7273
7276
7290
7308
7312
7313
7316
7319
7320
7323
7329
7344
7346
7347
7354
7381
7387
7400
7407
7414
7438
7459
7463
7464
7498
7508
7518
7528
7532
7535
7540
7547
7574
7584
7599
7606
7642
7721
7722
7727
7730
7732
7733
7756
7758
7760
7762
7768
7769
7772
7776
7784
7793
7796
7836
7842
7869
7879
7886
7891
7920
7922
7954
7958
7972
7986
7994
7995
8009
8012
8055
8062
8064
8087
8089
8093
8114
8118
8128
8136
8137
8149
8155
8158
8164
8179
8188
8190
8200
8202
8210
8213
8226
8228
8236
8240
8252
8253
8257
8260
8271
8278
8281
8306
8310
8324
8336
8347
8349
8356
8380
8405
8420
8428
8434
8447
8449
8451
8453
8459
8468
8470
8480
8487
8493
8499
8500
8504
8518
8520
8528
8556
8580
8600
8645
8654
8656
8663
8670
8676
8680
8690
8693
8706
8708
8709
8729
8730
8734
8737
8741
8751
8752
8753
8765
8771
8772
8785
8799
8814
8821
8824
8832
8834
8849
8853
8854
8857
8864
8865
8866
8880
8884
8892
8904
8918
8920
8922
8940
8944
8956
8966
8978
8996
9008
9027
9037
9040
9062
9075
9078
9081
9084
9091
9098
9104
9109
9114
9119
9135
9137
9141
9158
9164
9183
9186
9216
9218
9220
9245
9256
9258
9266
9279
9290
9303
9304
9316
9329
9330
9348
9386
9419
9420
9433
9443
9448
9450
9454
9455
9471
9481
9484
9490
9496
9528
9534
9537
9552
9557
9560
9564
9583
9588
9591
9608
9614
9621
9624
9632
9640
9641
9652
9677
9681
9683
9714
9720
9727
9732
9740
9754
9758
9759
9760
9769
9778
9784
9788
9791
9794
9804
9810
9823
9830
9836
9852
9866
9867
9878
9900
9916
9924
9932
9940
9948
9952
9964
9966
9969
9970
9974
10008
10021
10023
10028
10038
10042
10061
10064
10087
10108
10112
10114
10116
10124
10142
10151
10172
10184
10195
10207
10215
10218
10225
10235
10244
10251
10256
10265
10273
10286
10287
10304
10311
10321
10329
10331
10332
10340
10382
10386
10391
10412
10432
10433
10434
10435
10437
10438
10441
10446
10457
10486
10491
10495
10503
10506
10521
10549
10578
10586
10592
10598
10635
10655
10668
10706
10711
10716
10722
10724
10736
10738
10745
10752
10756
10760
10770
10780
10799
10800
10824
10831
10852
10862
10867
10883
10936
10940
10944
10970
10984
10988
10990
10992
10994
10998
11003
11035
11036
11039
11068
11072
11111
11118
11124
11132
11148
11190
11192
11208
11210
11227
11234
11256
11265
11282
11288
11292
11336
11338
11342
11366
11367
11368
11377
11380
11383
11390
11397
11406
11410
11416
11426
11446
11464
11480
11482
11488
11496
11500
11502
11505
11514
11569
11570
11572
11576
11578
11580
11587
11592
11598
11614
11629
11640
11648
11665
11674
11684
11698
11724
11734
11744
11761
11767
11781
11797
11802
11813
11829
11840
11843
11862
11864
11870
11878
11882
11885
11889
11909
11937
11940
11949
11964
11984
11992
11994
11999
12018
12066
12068
12078
12112
12181
12192
12196
12206
12220
12228
12232
12244
12254
12268
12272
12282
12302
12306
12307
12315
12330
12335
12372
12389
12440
12448
12466
12493
12497
12513
12519
12522
12526
12544
12559
12565
12566
12569
12594
12611
12623
12633
12650
12651
12654
12656
12662
12678
12679
12682
12683
12686
12702
12742
12748
12758
12768
12773
12778
12782
12783
12786
12788
12808
12828
12832
12860
12884
12898
12900
12901
12922
12934
12936
12941
12946
12950
12962
12967
12974
13014
13034
13043
13062
13065
13078
13079
13082
13088
13096
13099
13124
13136
13138
13144
13153
13186
13192
13208
13212
13234
13242
13248
13253
13258
13259
13273
13285
13320
13332
13338
13346
13350
13352
13376
13385
13402
13410
13412
13429
13438
13442
13448
13449
13466
13467
13498
13502
13506
13508
13515
13526
13533
13538
13543
13548
13554
13572
13593
13614
13651
13654
13662
13677
13680
13681
13690
13704
13705
13713
13714
13728
13732
13742
13745
13746
13752
13760
13779
13787
13795
13800
13805
13831
13852
13854
13876
13878
13899
13902
13911
13912
13918
13920
13924
13930
13946
13952
13958
13966
13969
13970
13986
13991
13997
14008
14062
14068
14072
14078
14096
14100
14120
14140
14142
14144
14146
14174
14176
14180
14192
14199
14210
14220
14245
14266
14273
14283
14290
14305
14307
14314
14325
14334
14337
14338
14350
14355
14357
14382
14385
14390
14395
14404
14405
14406
14411
14413
14434
14436
14440
14442
14473
14480
14484
14490
14492
14501
14508
14512
14542
14546
14566
14569
14579
14586
14603
14613
14618
14621
14623
14628
14630
14655
14662
14672
14691
14700
14708
14710
14716
14728
14733
14749
14752
14755
14761
14768
14780
14783
14785
14796
14828
14836
14852
14856
14876
14881
14884
14895
14901
14904
14929
14956
14972
14983
14999
15019
15024
15047
15056
15070
15072
15076
15106
15108
15116
15117
15141
15142
15158
15166
15167
15170
15178
15185
15207
15213
15239
15247
15261
15267
15276
15286
15292
15324
15330
15349
15372
15376
15402
15406
15411
15420
15434
15436
15444
15468
15486
15490
15498
15510
15518
15522
15545
15592
15595
15610
15616
15630
15646
15651
15654
15673
15688
15689
15701
15723
15724
15725
15728
15740
15743
15747
15749
15750
15756
15759
15769
15772
15781
15796
15820
15829
15831
15834
15842
15852
15869
15871
15874
15887
15889
15893
15907
15941
15942
15945
15947
15948
15963
15991
16006
16017
16025
16036
16042
16043
16044
16045
16048
16056
16067
16074
16079
16091
16100
16117
16122
16125
16130
16193
16206
16208
16264
16282
16291
16301
16314
16327
16347
16406
16409
16418
16446
16472
16474
16486
16488
16502
16528
16530
16549
16569
16581
16604
16627
16630
16638
16652
16663
16672
16677
16678
16688
16706
16719
16726
16733
16748
16755
16756
16764
16770
16808
16820
16822
16823
16832
16856
16858
16864
16871
16877
16900
16919
16922
16937
16939
16940
16953
16959
16964
16969
16977
16986
16992
17007
17012
17050
17055
17059
17073
17076
17077
17079
17082
17110
17112
17116
17128
17178
17181
17188
17190
17192
17202
17207
17212
17216
17222
17244
17263
17274
17292
17296
17339
17347
17363
17364
17373
17380
17393
17401
17403
17406
17519
17537
17542
17551
17561
17565
17574
17594
17609
17612
17621
17625
17640
17647
17648
17663
17670
17712
17728
17736
17739
17740
17741
17756
17764
17779
17785
17795
17799
17804
17810
17811
17817
17822
17824
17831
17840
17849
17851
17858
17859
17889
17894
17895
17899
17902
17908
17916
17919
17934
17946
17948
17958
17988
18003
18004
18018
18056
18066
18080
18084
18102
18121
18130
18190
18195
18202
18236
18241
18306
18322
18324
18325
18326
18329
18338
18356
18378
18382
18398
18399
18405
18408
18416
18418
18419
18423
18426
18440
18448
18487
18506
18508
18513
18536
18580
18582
18608
18615
18622
18631
18643
18669
18676
18686
18698
18700
18704
18720
18728
18731
18740
18776
18814
18816
18818
18832
18850
18890
18930
18938
18946
18992
19002
19005
19040
19057
19064
19072
19084
19096
19098
19106
19114
19124
19159
19163
19177
19186
19204
19212
19244
19247
19253
19272
19284
19302
19306
19318
19327
19328
19334
19338
19344
19362
19367
19368
19371
19372
19391
19396
19418
19484
19494
19502
19512
19520
19533
19539
19540
19541
19546
19577
19586
19590
19608
19638
19643
19692
19696
19702
19734
19736
19748
19752
19770
19814
19819
19844
19860
19866
19868
19874
19888
19890
19892
19904
19921
19925
19931
19933
19942
19951
19966
19972
19977
19980
19995
20002
20016
20024
20036
20048
20054
20055
20059
20068
20072
20091
20109
20118
20162
20166
20171
20211
20216
20224
20226
20262
20265
20311
20315
20322
20325
20350
20386
20424
20426
20430
20445
20485
20500
20508
20548
20569
20572
20599
20614
20623
20625
20630
20634
20712
20725
20735
20747
20767
20773
20784
20792
20813
20823
20849
20854
20855
20859
20906
20918
20935
20936
20948
20986
21007
21034
21042
21044
21046
21067
21102
21112
21114
21124
21134
21138
21183
21198
21206
21219
21254
21270
21302
21317
21320
21326
21348
21360
21361
21363
21380
21423
21436
21445
21455
21457
21466
21500
21519
21524
21529
21571
21576
21590
21598
21604
21636
21640
21668
21674
21676
21686
21692
21700
21728
21765
21766
21810
21851
21856
21875
21892
21906
21923
21944
21956
21962
21970
21996
22005
22038
22039
22051
22078
22103
22119
22121
22123
22130
22139
22154
22169
22182
22200
22210
22212
22217
22232
22244
22276
22278
22283
22284
22308
22319
22320
22329
22418
22423
22432
22436
22442
22458
22485
22498
22505
22521
22537
22556
22559
22573
22578
22580
22590
22602
22617
22633
22639
22645
22648
22663
22666
22668
22679
22722
22725
22728
22745
22746
22750
22755
22760
22764
22766
22770
22772
22773
22779
22792
22793
22802
22804
22824
22858
22884
22904
22942
22964
22976
23059
23064
23071
23078
23083
23086
23089
23096
23100
23101
23104
23106
23138
23154
23205
23215
23234
23257
23314
23317
23324
23366
23368
23383
23386
23408
23428
23429
23432
23435
23436
23437
23452
23458
23480
23486
23510
23516
23526
23538
23542
23548
23604
23618
23628
23640
23680
23692
23716
23718
23730
23733
23765
23771
23792
23808
23824
23837
23849
23864
23865
23868
23870
23876
23886
23911
23912
23948
23962
23968
23982
23990
23997
24036
24038
24046
24048
24056
24087
24101
24108
24116
24134
24138
24145
24164
24192
24202
24210
24256
24261
24278
24280
24310
24312
24358
24414
24416
24435
24462
24490
24514
24516
24530
24534
24541
24609
24632
24633
24651
24656
24657
24668
24680
24692
24693
24708
24720
24723
24725
24726
24730
24733
24734
24747
24751
24767
24780
24798
24803
24821
24831
24833
24850
24852
24914
24934
24938
24943
24950
24954
24988
24995
25002
25006
25008
25034
25044
25074
25080
25099
25122
25137
25145
25176
25188
25195
25210
25224
25232
25239
25262
25295
25318
25321
25330
25345
25346
25348
25352
25384
25396
25411
25412
25455
25466
25477
25482
25502
25508
25528
25546
25578
25608
25614
25620
25624
25652
25662
25672
25678
25688
25722
25746
25747
25748
25752
25756
25762
25765
25783
25789
25790
25793
25799
25801
25803
25828
25837
25847
25861
25883
25900
25935
25947
25954
25976
25984
25992
26012
26024
26029
26042
26048
26061
26062
26066
26078
26090
26114
26131
26135
26146
26158
26184
26203
26244
26246
26252
26267
26274
26293
26296
26300
26301
26330
26336
26338
26358
26359
26362
26363
26376
26391
26394
26398
26442
26443
26450
26455
26458
26461
26469
26471
26477
26487
26489
26497
26498
26504
26513
26516
26523
26527
26538
26548
26553
26560
26564
26571
26581
26604
26620
26622
26626
26637
26639
26652
26658
26662
26671
26707
26708
26718
26722
26730
26733
26748
26756
26767
26778
26801
26804
26826
26842
26850
26852
26858
26863
26865
26866
26868
26872
26882
26890
26896
26908
26919
26929
26936
26940
26950
27014
27024
27056
27072
27075
27087
27095
27099
27106
27114
27120
27122
27133
27137
27147
27150
27155
27157
27172
27180
27183
27193
27194
27196
27197
27204
27210
27222
27225
27228
27248
27253
27282
27285
27287
27292
27298
27299
27323
27324
27340
27356
27358
27383
27395
27403
27420
27429
27433
27456
27459
27468
27469
27478
27484
27499
27502
27503
27522
27559
27576
27598
27614
27627
27643
27666
27692
27706
27727
27732
27753
27787
27791
27796
27812
27822
27837
27864
27876
27883
27897
27899
27910
27938
27952
27964
27970
27984
27987
28014
28086
28096
28102
28124
28152
28161
28192
28259
28272
28353
28357
28359
28368
28372
28374
28390
28413
28427
28436
28480
28491
28504
28506
28512
28532
28533
28536
28608
28632
28652
28654
28710
28734
28768
28777
28778
28788
28810
28820
28826
28841
28846
28866
28876
28898
28958
28966
28974
28984
28990
29041
29057
29061
29062
29073
29093
29096
29107
29132
29137
29144
29172
29193
29201
29206
29217
29223
29238
29241
29249
29252
29255
29259
29264
29286
29298
29299
29303
29310
29328
29352
29358
29359
29361
29376
29378
29408
29410
29422
29434
29450
29476
29478
29508
29521
29525
29581
29590
29609
29614
29638
29648
29662
29672
29681
29694
29704
29713
29721
29722
29730
29738
29744
29750
29786
29790
29827
29850
29851
29857
29874
29881
29885
29895
29920
29922
29938
29946
29952
29958
29959
30011
30016
30027
30041
30049
30052
30054
30056
30061
30062
30063
30066
30111
30123
30130
30139
30153
30159
30165
30202
30204
30214
30216
30244
30267
30276
30280
30290
30316
30327
30330
30344
30350
30371
30374
30396
30401
30422
30429
30440
30451
30456
30464
30468
30493
30494
30523
30525
30531
30533
30538
30541
30543
30546
30551
30558
30596
30630
30636
30638
30692
30710
30724
30736
30739
30741
30750
30751
30752
30754
30769
30776
30785
30792
30811
30818
30844
30861
30870
30900
30915
30952
30962
30968
30997
31014
31016
31020
31031
31068
31070
31097
31100
31134
31142
31149
31158
31162
31173
31176
31185
31208
31211
31240
31264
31266
31287
31293
31304
31310
31345
31362
31382
31418
31428
31443
31460
31482
31497
31512
31576
31579
31596
31600
31637
31644
31649
31650
31664
31686
31710
31711
31719
31723
31727
31748
31760
31767
31786
31798
31847
31850
31866
31883
31900
31906
31912
31919
31939
31968
32013
32017
32018
32040
32044
32057
32068
32076
32080
32108
32127
32166
32168
32218
32236
32252
32258
32276
32282
32310
32319
32321
32323
32337
32346
32348
32351
32352
32362
32372
32375
32393
32405
32409
32421
32442
32475
32498
32499
32504
32510
32523
32539
32552
32558
32573
32594
32610
32636
32656
32663
32667
32668
32720
32730
32747
32751
32766
32774
32776
32784
32822
32835
32844
32856
32878
32880
32918
32919
32926
32934
32970
33000
33001
33009
33059
33062
33098
33101
33162
33171
33182
33210
33216
33288
33290
33330
33338
33348
33350
33359
33364
33371
33373
33388
33429
33460
33468
33469
33472
33484
33505
33506
33519
33523
33536
33541
33552
33589
33612
33626
33631
33638
33661
33664
33685
33697
33704
33722
33736
33744
33756
33757
33761
33768
33807
33810
33812
33822
33825
33840
33845
33856
33857
33860
33910
33943
33946
33954
33983
34010
34016
34034
34038
34048
34115
34122
34132
34151
34195
34198
34210
34280
34304
34316
34328
34332
34346
34370
34381
34386
34404
34406
34407
34414
34432
34444
34460
34481
34484
34486
34500
34511
34542
34548
34552
34554
34561
34565
34574
34583
34606
34624
34660
34669
34677
34678
34685
34701
34706
34714
34718
34749
34750
34758
34785
34800
34802
34808
34813
34829
34846
34861
34866
34872
34906
34937
34942
34979
35032
35068
35084
35090
35128
35136
35152
35180
35190
35205
35228
35232
35234
35242
35253
35302
35310
35324
35326
35373
35376
35377
35382
35406
35441
35464
35477
35480
35486
35494
35500
35532
35549
35566
35574
35616
35624
35630
35632
35633
35637
35675
35690
35700
35710
35734
35775
35840
35866
35905
35938
35939
35943
35944
35946
35951
35991
35996
36014
36028
36029
36046
36047
36055
36066
36072
36081
36091
36101
36104
36128
36159
36167
36174
36202
36203
36214
36226
36248
36270
36272
36316
36346
36350
36372
36382
36409
36421
36428
36446
36450
36458
36475
36494
36496
36500
36508
36548
36632
36642
36648
36672
36726
36730
36732
36755
36760
36767
36774
36800
36818
36828
36834
36835
36852
36868
36878
36886
36890
36892
36907
36908
36934
36936
36972
36983
36986
37004
37008
37016
37039
37062
37069
37077
37082
37094
37120
37124
37129
37136
37147
37160
37176
37221
37234
37256
37267
37276
37281
37291
37292
37330
37336
37344
37352
37366
37373
37374
37375
37380
37406
37427
37468
37469
37488
37502
37532
37538
37551
37569
37576
37584
37588
37591
37631
37633
37645
37657
37673
37680
37681
37702
37712
37734
37743
37770
37772
37806
37810
37812
37816
37820
37824
37834
37838
37908
37924
37956
37991
38000
38006
38034
38040
38041
38047
38050
38052
38067
38068
38075
38142
38146
38184
38185
38195
38230
38250
38253
38256
38264
38329
38337
38343
38366
38370
38374
38382
38385
38387
38389
38391
38398
38401
38408
38460
38467
38470
38497
38510
38512
38518
38604
38605
38624
38626
38627
38640
38658
38685
38693
38698
38700
38747
38760
38772
38790
38792
38795
38814
38866
38894
38898
38914
38922
38932
38952
38969
38995
38997
39010
39031
39043
39080
39083
39094
39116
39129
39157
39172
39208
39265
39272
39305
39307
39335
39354
39355
39377
39384
39404
39414
39416
39419
39423
39425
39438
39461
39466
39499
39526
39528
39549
39590
39614
39616
39631
39634
39659
39668
39690
39702
39709
39721
39752
39764
39771
39778
39783
39806
39807
39809
39832
39847
39863
39864
39865
39875
39877
39879
39894
39900
39901
39909
39911
39923
39924
39926
39929
39952
39964
39972
39982
39999
40023
40025
40041
40057
40064
40076
40087
40100
40112
40116
40144
40158
40164
40169
40188
40213
40221
40236
40259
40280
40298
40300
40311
40323
40378
40386
40403
40434
40437
40466
40496
40511
40524
40528
40530
40534
40536
40546
40547
40574
40581
40590
40593
40611
40612
40619
40620
40632
40638
40654
40678
40708
40720
40739
40752
40810
40824
40829
40844
40852
40886
40891
40906
40931
40964
40976
40977
41016
41052
41062
41069
41078
41084
41091
41113
41152
41156
41166
41186
41204
41205
41229
41264
41266
41267
41270
41274
41295
41307
41318
41326
41334
41358
41371
41381
41396
41399
41438
41450
41453
41461
41464
41476
41478
41485
41497
41499
41502
41513
41516
41538
41568
41575
41602
41618
41625
41654
41661
41673
41688
41712
41721
41742
41763
41787
41789
41832
41833
41834
41843
41892
41897
41904
41910
41929
41932
41957
41959
41960
41982
41996
42009
42070
42078
42088
42096
42099
42112
42137
42138
42161
42254
42255
42286
42314
42343
42347
42350
42355
42360
42364
42383
42415
42428
42434
42438
42457
42478
42479
42482
42490
42491
42496
42504
42514
42526
42554
42566
42571
42573
42671
42673
42688
42707
42715
42718
42728
42758
42774
42844
42882
42892
42963
42985
43001
43012
43042
43046
43051
43062
43098
43101
43109
43135
43148
43156
43178
43198
43208
43212
43234
43268
43278
43293
43328
43341
43372
43385
43388
43430
43433
43436
43442
43453
43462
43510
43522
43526
43546
43574
43608
43658
43670
43676
43690
43698
43706
43716
43741
43783
43788
43815
43841
43848
43850
43852
43865
43868
43874
43894
43897
43898
43899
43903
43909
43916
43944
43979
43982
43988
43999
44006
44008
44011
44020
44046
44048
44051
44078
44080
44098
44101
44123
44133
44141
44142
44167
44172
44213
44223
44236
44253
44262
44267
44294
44300
44305
44345
44378
44396
44408
44424
44435
44442
44456
44462
44484
44503
44514
44534
44550
44575
44590
44609
44640
44694
44713
44726
44744
44747
44758
44767
44787
44810
44819
44830
44837
44850
44862
44865
44907
44910
44931
44936
44959
44961
44965
44969
44972
44973
45005
45048
45057
45091
45094
45099
45110
45114
45117
45137
45144
45159
45168
45173
45185
45230
45238
45260
45270
45274
45304
45332
45348
45352
45353
45361
45370
45407
45408
45414
45423
45446
45482
45491
45501
45502
45516
45525
45529
45530
45538
45575
45576
45586
45590
45602
45615
45653
45692
45739
45749
45765
45791
45801
45813
45826
45837
45868
45884
45888
45898
45901
45911
45917
45919
45924
45938
45944
45968
45977
46016
46023
46025
46027
46040
46045
46052
46070
46071
46078
46086
46088
46092
46097
46099
46106
46115
46122
46135
46138
46139
46146
46163
46187
46211
46240
46247
46248
46269
46287
46288
46295
46298
46314
46336
46377
46389
46396
46401
46406
46412
46413
46432
46435
46467
46477
46504
46573
46658
46659
46689
46699
46715
46724
46726
46734
46736
46746
46782
46815
46829
46860
46894
46895
46899
46910
46938
46941
46946
46958
47020
47034
47036
47122
47142
47146
47196
47198
47211
47217
47220
47223
47227
47234
47237
47247
47251
47260
47261
47264
47273
47278
47283
47285
47294
47317
47326
47358
47365
47366
47376
47403
47417
47420
47421
47424
47425
47433
47455
47458
47468
47475
47478
47479
47506
47515
47538
47548
47557
47595
47597
47599
47600
47604
47615
47634
47643
47662
47689
47690
47708
47719
47726
47749
47759
47762
47781
47836
47857
47859
47912
47918
47926
47930
47936
47946
47952
47962
47995
48002
48014
48028
48030
48060
48062
48070
48084
48086
48091
48095
48102
48110
48154
48172
48174
48224
48230
48258
48270
48278
48288
48321
48324
48328
48374
48380
48382
48388
48397
48408
48448
48460
48478
48486
48494
48514
48522
48524
48540
48546
48568
48603
48613
48618
48653
48667
48680
48681
48704
48726
48760
48762
48768
48772
48795
48796
48802
48824
48835
48837
48852
48855
48862
48899
48912
48928
48929
48930
48933
48938
48945
48948
48956
48964
48975
48990
49002
49012
49016
49026
49029
49040
49050
49057
49060
49062
49098
49128
49129
49139
49143
49157
49172
49188
49206
49209
49225
49226
49264
49282
49286
49300
49320
49333
49346
49354
49426
49464
49469
49487
49490
49498
49515
49523
49525
49545
49563
49567
49578
49598
49607
49616
49632
49646
49653
49656
49707
49714
49740
49741
49744
49747
49764
49777
49799
49824
49825
49846
49850
49859
49866
49868
49889
49890
49892
49895
49911
49923
49958
49960
49962
50007
50009
50033
50050
50086
50099
50112
50144
50182
50196
50229
50230
50235
50239
50246
50314
50318
50322
50329
50340
50342
50349
50359
50368
50369
50377
50382
50391
50403
50414
50417
50424
50428
50429
50431
50446
50462
50471
50514
50520
50537
50544
50572
50601
50605
50633
50636
50650
50663
50673
50696
50698
50712
50714
50720
50729
50740
50743
50746
50747
50765
50767
50771
50791
50801
50810
50819
50826
50831
50840
50859
50881
50883
50896
50898
50902
50911
50917
50930
51000
51017
51025
51028
51054
51104
51106
51127
51130
51131
51132
51140
51176
51194
51223
51230
51238
51243
51248
51278
51300
51322
51341
51344
51433
51442
51464
51476
51516
51522
51524
51530
51568
51576
51582
51584
51626
51649
51686
51690
51720
51740
51741
51759
51764
51770
51807
51814
51844
51854
51878
51897
51944
51945
51988
51991
52061
52074
52101
52106
52117
52122
52129
52138
52139
52158
52168
52173
52200
52208
52210
52218
52225
52252
52270
52272
52279
52280
52298
52316
52319
52326
52347
52348
52356
52372
52384
52422
52424
52456
52484
52532
52568
52658
52661
52686
52706
52707
52712
52718
52764
52795
52802
52814
52817
52830
52857
52869
52887
52889
52891
52892
52900
52903
52907
52923
52928
52932
52938
52947
52950
52953
52968
52970
52971
52978
52996
53010
53038
53044
53052
53063
53072
53075
53092
53114
53156
53165
53168
53198
53204
53219
53239
53248
53307
53324
53346
53376
53393
53396
53398
53399
53404
53446
53470
53476
53507
53556
53570
53580
53638
53655
53680
53693
53700
53715
53730
53732
53736
53746
53752
53760
53762
53806
53844
53852
53872
53873
53878
53883
53900
53930
53938
53953
53962
53978
53997
53999
54002
54011
54030
54035
54036
54042
54057
54097
54141
54142
54154
54166
54225
54244
54246
54264
54266
54296
54312
54314
54342
54362
54366
54387
54394
54400
54404
54452
54458
54477
54491
54492
54498
54499
54506
54520
54542
54560
54581
54586
54588
54608
54623
54630
54635
54666
54686
54701
54702
54719
54727
54739
54744
54748
54756
54779
54782
54790
54791
54795
54801
54814
54854
54858
54867
54874
54878
54880
54894
54896
54928
54932
54935
54937
54950
54962
54966
54986
54988
54998
55027
55028
55061
55064
55081
55129
55153
55155
55156
55172
55178
55182
55194
55217
55218
55224
55244
55247
55250
55260
55264
55277
55278
55296
55330
55340
55403
55418
55438
55472
55475
55510
55520
55534
55571
55586
55636
55642
55652
55698
55723
55729
55739
55754
55788
55792
55804
55828
55834
55836
55844
55851
55886
55889
55906
55908
55970
55974
55990
56014
56054
56066
56067
56082
56092
56162
56164
56169
56187
56199
56216
56220
56224
56244
56268
56305
56319
56339
56346
56372
56379
56397
56403
56414
56433
56444
56449
56452
56475
56486
56487
56503
56528
56530
56540
56563
56573
56576
56588
56589
56593
56612
56614
56652
56659
56671
56695
56708
56732
56754
56773
56780
56792
56824
56842
56843
56872
56920
56970
56976
57030
57041
57048
57054
57071
57075
57078
57084
57086
57178
57184
57195
57232
57240
57248
57256
57290
57295
57319
57324
57347
57355
57376
57378
57382
57404
57431
57457
57462
57480
57485
57486
57491
57498
57502
57507
57532
57533
57597
57624
57628
57630
57662
57665
57683
57695
57696
57701
57713
57718
57726
57728
57742
57755
57781
57786
57788
57794
57808
57824
57862
57870
57894
57938
57955
57976
57982
58014
58024
58064
58101
58103
58131
58175
58188
58231
58249
58267
58312
58316
58331
58332
58351
58390
58391
58398
58413
58470
58529
58539
58541
58612
58644
58646
58648
58653
58660
58671
58788
58794
58812
58871
58874
58898
58919
58950
58961
58976
59081
59091
59092
59152
59257
59262
59286
59297
59309
59325
59339
59344
59361
59367
59368
59369
59371
59384
59393
59400
59402
59403
59407
59460
59466
59492
59506
59543
59604
59634
59681
59701
59708
59718
59720
59724
59747
59780
59782
59784
59802
59818
59830
59836
59873
59915
59927
59928
59931
59939
59940
59949
59953
59973
59993
92
146
148
158
178
250
318
346
354
371
376
457
493
517
520
552
567
570
631
651
718
773
800
813
866
895
924
964
1004
1009
1026
1104
1119
1185
1219
1241
1256
1310
1319
1365
1404
1500
1514
1529
1559
1561
1572
1623
1714
1719
1772
1826
1851
1889
1916
1928
1929
1931
2052
2056
2071
2231
2242
2342
2381
2423
2426
2438
2600
2734
2760
2764
2801
2824
2832
2862
2885
2892
2924
2958
2962
2989
3026
3028
3069
3104
3150
3232
3252
3280
3290
3320
3381
3388
3402
3412
3454
3503
3510
3532
3558
3617
3662
3682
3707
3737
3738
3756
3854
3860
3906
4014
4015
4040
4058
4062
4073
4074
4124
4127
4150
4165
4170
4205
4211
4295
4332
4370
4376
4425
4436
4451
4494
4520
4576
4595
4646
4692
4705
4712
4722
4785
4795
4912
4967
4982
5002
5034
5052
5065
5082
5084
5109
5175
5194
5360
5382
5408
5424
5552
5616
5688
5718
5723
5842
5876
5916
5998
6007
6149
6174
6188
6213
6246
6291
6311
6315
6321
6345
6359
6387
6418
6428
6498
6556
6606
6664
6670
6699
6707
6744
6806
6810
6874
6885
6889
6916
6948
7032
7053
7083
7214
7231
7244
7261
7263
7266
7268
7299
7367
7369
7375
7383
7445
7450
7452
7479
7493
7512
7527
7541
7628
7632
7662
7696
7726
7883
7946
7998
8086
8172
8199
8214
8221
8268
8284
8287
8322
8329
8338
8339
8340
8385
8393
8541
8543
8555
8617
8619
8620
8624
8639
8669
8701
8728
8761
8768
8775
8790
8793
8804
8810
8819
8871
9032
9060
9102
9118
9126
9134
9143
9193
9208
9235
9267
9272
9318
9359
9489
9500
9518
9634
9675
9687
9774
9805
9826
9838
9980
9991
10044
10048
10091
10132
10150
10156
10179
10211
10243
10249
10260
10277
10279
10291
10375
10396
10408
10410
10454
10459
10470
10527
10560
10573
10588
10613
10621
10644
10710
10804
10880
10894
11034
11064
11078
11085
11131
11232
11239
11246
11302
11450
11460
11538
11566
11619
11632
11682
11692
11705
11708
11719
11745
11796
11830
11904
11986
12006
12015
12021
12029
12117
12132
12183
12210
12358
12363
12375
12395
12406
12442
12540
12618
12621
12716
12730
12815
12817
12834
12873
12889
12963
12985
13004
13026
13027
13041
13093
13130
13173
13178
13308
13328
13363
13373
13388
13439
13478
13561
13592
13596
13647
13666
13691
13694
13695
13738
13741
13743
13842
13864
13886
13941
14042
14084
14105
14124
14128
14170
14197
14205
14222
14243
14247
14260
14296
14331
14332
14341
14410
14468
14478
14504
14528
14551
14554
14580
14604
14643
14650
14654
14669
14704
14762
14968
14976
14984
15133
15194
15216
15270
15320
15327
15361
15381
15386
15433
15450
15496
15532
15551
15560
15579
15623
15629
15680
15730
15745
15766
15801
15839
15840
15859
15880
15938
15969
16020
16040
16054
16103
16116
16344
16398
16511
16560
16572
16573
16628
16635
16645
16658
16676
16722
16795
16816
16825
16830
16836
16918
17039
17139
17162
17220
17234
17238
17239
17282
17385
17400
17417
17420
17489
17497
17501
17507
17513
17517
17529
17591
17643
17657
17697
17702
17706
17731
17763
17784
17816
17876
17892
17909
17941
18129
18192
18193
18247
18264
18288
18308
18343
18348
18364
18475
18504
18510
18522
18562
18680
18690
18762
18765
18786
18860
18900
18969
18976
18984
19007
19028
19053
19089
19112
19168
19194
19200
19290
19386
19412
19478
19495
19506
19507
19613
19666
19688
19714
19793
19886
19914
19982
20023
20032
20082
20102
20133
20138
20230
20312
20362
20446
20468
20502
20529
20578
20600
20672
20708
20709
20746
20758
20818
20910
20916
20947
20968
20978
20989
21023
21128
21130
21136
21170
21181
21218
21297
21301
21322
21351
21353
21369
21382
21419
21452
21515
21525
21532
21584
21701
21729
21816
21872
21899
21912
21938
22034
22094
22098
22113
22204
22206
22263
22313
22434
22457
22477
22490
22550
22561
22584
22732
22734
22759
22903
22945
22959
22968
23026
23029
23090
23135
23139
23247
23318
23321
23358
23385
23392
23400
23476
23502
23588
23660
23682
23791
23904
23936
23945
23956
23958
23965
24002
24029
24041
24082
24144
24174
24199
24213
24217
24223
24240
24340
24360
24452
24479
24494
24506
24582
24613
24642
24674
24688
24690
24712
24719
24728
24971
25004
25154
25159
25256
25379
25438
25452
25683
25694
25736
25776
25778
25813
25829
25873
25915
26017
26018
26100
26102
26132
26206
26276
26319
26326
26334
26381
26385
26404
26424
26558
26566
26572
26590
26601
26629
26686
26805
26918
26932
26947
27016
27164
27259
27349
27374
27375
27376
27397
27431
27514
27556
27645
27646
27650
27653
27664
27729
27777
27873
27874
28028
28047
28061
28183
28293
28352
28443
28530
28539
28648
28720
28732
28748
28790
28798
28801
28868
28900
29006
29026
29045
29080
29122
29189
29213
29224
29226
29292
29304
29311
29312
29320
29322
29379
29538
29550
29558
29578
29584
29657
29688
29767
29832
29860
29884
29903
29929
29941
29953
30090
30183
30262
30306
30315
30412
30559
30640
30646
30683
30753
30799
30840
30876
30937
31044
31046
31052
31087
31089
31198
31226
31242
31256
31261
31312
31400
31415
31486
31506
31517
31591
31594
31667
31675
31706
31735
31820
31876
31972
31984
31987
32011
32048
32129
32134
32139
32173
32244
32269
32328
32391
32396
32443
32450
32501
32537
32553
32596
32641
32685
32707
32828
32837
32960
33144
33200
33221
33306
33380
33572
33625
33674
33699
33904
34032
34050
34068
34254
34330
34536
34560
34591
34640
34644
34665
34680
34707
34713
34771
34787
34827
34924
34934
34948
35088
35109
35265
35300
35304
35316
35342
35384
35405
35498
35572
35594
35674
35706
35764
35841
35847
35851
35864
35882
35988
36031
36089
36126
36186
36210
36471
36473
36559
36586
36629
36650
36688
36750
36854
37018
37038
37070
37118
37412
37456
37522
37627
37668
37685
37696
37900
37921
37952
37961
37988
38022
38202
38448
38452
38475
38526
38562
38589
38598
38638
38673
38725
38877
39063
39120
39234
39241
39287
39311
39327
39378
39411
39421
39453
39457
39486
39639
39647
39663
39705
39979
40037
40129
40223
40316
40318
40346
40452
40463
40473
40506
40585
40589
40598
40732
40774
40814
40873
40882
40909
40978
41088
41110
41142
41215
41254
41276
41322
41349
41408
41456
41500
41507
41540
41549
41562
41608
41699
41705
41710
41716
41829
41933
41998
42065
42085
42200
42273
42382
42437
42497
42624
42640
42687
42826
42854
42866
42941
42973
43004
43175
43289
43424
43454
43513
43551
43575
43750
43811
43814
43934
44095
44191
44273
44328
44360
44384
44624
44630
44634
44690
44702
44898
44901
44947
44995
45069
45143
45463
45566
45772
45777
45815
45848
45902
45981
46065
46134
46191
46221
46233
46246
46368
46568
46584
46588
46607
46623
46872
46906
46940
47257
47297
47560
47635
47845
47984
47996
48092
48115
48220
48286
48330
48342
48344
48354
48520
48647
48750
48904
48937
48959
48973
49056
49444
49488
49497
49530
49541
49580
49589
49638
49700
49833
49849
49910
50008
50177
50285
50370
50371
50394
50449
50478
50516
50558
50606
50612
50694
50908
51212
51227
51298
51315
51333
51462
51987
52096
52197
52315
52324
52394
52414
52636
52851
52854
52939
52948
53029
53036
53042
53056
53694
53850
53888
53903
53911
53928
54024
54074
54112
54178
54284
54322
54377
54769
54852
54971
55060
55283
55513
55563
55598
55694
55870
56262
56352
56380
56480
56545
56672
56800
57076
57211
57392
57703
57782
57814
57918
58036
58135
58258
58438
58566
58802
58850
58892
59289
59446
59751
59917
212
716
1278
1389
1423
1683
1803
1963
2815
3118
3136
3504
3580
4318
4495
4544
4684
4720
4729
4746
5113
5306
5430
6040
6075
6081
6269
6285
6297
6340
6486
6504
6549
6601
6735
7114
7257
7337
7428
7666
7900
8440
8442
8637
8647
8721
9031
9271
9294
9356
9384
9436
9994
10539
11238
11441
11512
11911
12063
12116
12153
12174
12655
12891
13195
13590
14018
14090
14582
14714
14813
14847
15050
15354
15460
15709
16046
16379
17230
17410
17714
17716
18272
18689
19174
19315
19365
19716
19828
20280
20606
21339
21988
22036
22525
22670
22743
22856
23406
23451
23575
23582
23789
24660
25335
25808
26269
26275
26589
26901
27138
27423
28620
28786
29054
29330
30265
30599
30846
31373
31450
31926
32234
32330
32429
32896
33242
33412
33746
34430
35434
35776
36827
37076
37397
38024
38168
39309
39380
39636
39848
40523
42511
43038
44428
44948
45074
45116
45614
46424
48358
49574
52219
53286
53552
54327
55263
56474
5852
6605
9431
11170
11186
13110
14561
14772
19992
31440
32591
43952
38993
